0172a059fb35811fca55608ba60652429d2200a84eeddf948a26002528e39b05 [[5.282931e-01 4.697096e-01 1.631570e-03 3.658400e-04]]
0172a059fb35811fca55608ba60652429d2200a84eeddf948a26002528e39b05 [[0.4876314  0.50944483 0.00227758 0.00064615]]
0172a059fb35811fca55608ba60652429d2200a84eeddf948a26002528e39b05 [[0.52812153 0.46840453 0.00272194 0.00075196]]
01a9c32640ce0078472081a418c46a7d449b2615eafc146dab7bebb898bdbe7c [[8.04593623e-01 1.77309304e-01 1.79866999e-02 1.10356894e-04]]
01a9c32640ce0078472081a418c46a7d449b2615eafc146dab7bebb898bdbe7c [[0.16087186 0.65173477 0.10241079 0.08498249]]
01a9c32640ce0078472081a418c46a7d449b2615eafc146dab7bebb898bdbe7c [[0.34164152 0.6253216  0.0240617  0.00897509]]
01a9c32640ce0078472081a418c46a7d449b2615eafc146dab7bebb898bdbe7c [[0.15803847 0.3248582  0.38913012 0.12797327]]
01a9c32640ce0078472081a418c46a7d449b2615eafc146dab7bebb898bdbe7c [[0.25237712 0.53715634 0.11135478 0.09911178]]
01a9c32640ce0078472081a418c46a7d449b2615eafc146dab7bebb898bdbe7c [[5.6398195e-01 4.3141100e-01 4.4366280e-03 1.7040770e-04]]
01a9c32640ce0078472081a418c46a7d449b2615eafc146dab7bebb898bdbe7c [[7.2199261e-01 2.6564425e-01 1.2330087e-02 3.3164164e-05]]
01a9c32640ce0078472081a418c46a7d449b2615eafc146dab7bebb898bdbe7c [[6.68676078e-01 3.14432085e-01 1.67752206e-02 1.16629286e-04]]
01a9c32640ce0078472081a418c46a7d449b2615eafc146dab7bebb898bdbe7c [[0.66101855 0.30491158 0.03335979 0.00071007]]
01a9c32640ce0078472081a418c46a7d449b2615eafc146dab7bebb898bdbe7c [[7.3351431e-01 2.5845855e-01 8.0112852e-03 1.5831845e-05]]
01a9c32640ce0078472081a418c46a7d449b2615eafc146dab7bebb898bdbe7c [[7.8504688e-01 1.9871916e-01 1.6059201e-02 1.7484408e-04]]
01a9c32640ce0078472081a418c46a7d449b2615eafc146dab7bebb898bdbe7c [[5.8258921e-01 4.1331482e-01 4.0605762e-03 3.5326586e-05]]
01a9c32640ce0078472081a418c46a7d449b2615eafc146dab7bebb898bdbe7c [[0.65599644 0.3130795  0.0302587  0.00066531]]
01a9c32640ce0078472081a418c46a7d449b2615eafc146dab7bebb898bdbe7c [[0.53161806 0.4361617  0.0306072  0.00161306]]
023b03b891f8f71de53cd3ad11f37b52a8d8d170e3de984b08cc8ec9e483c553 [[0.16986294 0.45482004 0.12113532 0.25418165]]
023b03b891f8f71de53cd3ad11f37b52a8d8d170e3de984b08cc8ec9e483c553 [[0.51475555 0.4432326  0.02809129 0.01392056]]
023b03b891f8f71de53cd3ad11f37b52a8d8d170e3de984b08cc8ec9e483c553 [[0.3376936  0.4578362  0.15283063 0.05163952]]
023b03b891f8f71de53cd3ad11f37b52a8d8d170e3de984b08cc8ec9e483c553 [[0.3414435  0.45559838 0.1519483  0.05100974]]
07986451a3c8406eba97913b2ca1798c574a51e14e95e74055d69eeb4f920e2d [[6.3461477e-01 3.6532271e-01 6.1746585e-05 8.3596518e-07]]
07986451a3c8406eba97913b2ca1798c574a51e14e95e74055d69eeb4f920e2d [[6.3969660e-01 3.5986504e-01 4.0176234e-04 3.6705369e-05]]
089c3e393278d33b1ec9ecff7c0e4ca7cf553c3a9eabf7de21ff861a997977fc [[6.3969660e-01 3.5986504e-01 4.0176234e-04 3.6705369e-05]]
089c3e393278d33b1ec9ecff7c0e4ca7cf553c3a9eabf7de21ff861a997977fc [[0.6375162  0.3563393  0.00522897 0.00091553]]
089c3e393278d33b1ec9ecff7c0e4ca7cf553c3a9eabf7de21ff861a997977fc [[7.3416495e-01 2.4974340e-01 1.6063655e-02 2.7960523e-05]]
089c3e393278d33b1ec9ecff7c0e4ca7cf553c3a9eabf7de21ff861a997977fc [[7.3416495e-01 2.4974340e-01 1.6063655e-02 2.7960523e-05]]
0d83cf7541611b70c582b2e2e6e522d7b19db230cc6a657ae6958f74bf6fab09 [[0.16619028 0.29796404 0.46146736 0.07437835]]
0d83cf7541611b70c582b2e2e6e522d7b19db230cc6a657ae6958f74bf6fab09 [[0.09864542 0.58376807 0.20959915 0.10798742]]
0d83cf7541611b70c582b2e2e6e522d7b19db230cc6a657ae6958f74bf6fab09 [[0.3449648  0.5462566  0.08613011 0.02264844]]
0db054ed0444f81bc018e81c71501836198517b08b6bf9c05d63b757cdd65da1 [[6.9093764e-01 3.0060205e-01 8.2572335e-03 2.0307803e-04]]
0db054ed0444f81bc018e81c71501836198517b08b6bf9c05d63b757cdd65da1 [[0.35257554 0.62528956 0.02138119 0.00075368]]
0de3f1bf4ccc440271f091d79e9d3be7348dd5a39d76571e5c8824b43bbaf8d7 [[0.28996137 0.6078417  0.0788731  0.02332381]]
0de3f1bf4ccc440271f091d79e9d3be7348dd5a39d76571e5c8824b43bbaf8d7 [[0.28332075 0.6397966  0.06014583 0.01673684]]
0de3f1bf4ccc440271f091d79e9d3be7348dd5a39d76571e5c8824b43bbaf8d7 [[0.32207823 0.6507956  0.02073589 0.0063903 ]]
0de3f1bf4ccc440271f091d79e9d3be7348dd5a39d76571e5c8824b43bbaf8d7 [[0.6103655  0.3791823  0.00832505 0.00212713]]
12d2069aa8851dca9db2b6df9237bf544c9be22994332716d86a56ae90f80381 [[9.8169577e-01 1.8084113e-02 2.1589531e-04 4.2500533e-06]]
12d2069aa8851dca9db2b6df9237bf544c9be22994332716d86a56ae90f80381 [[9.9162966e-01 8.2853083e-03 8.0134771e-05 4.8231450e-06]]
12d2069aa8851dca9db2b6df9237bf544c9be22994332716d86a56ae90f80381 [[9.8295307e-01 1.6839042e-02 2.0384358e-04 4.0000637e-06]]
12d2069aa8851dca9db2b6df9237bf544c9be22994332716d86a56ae90f80381 [[9.9378753e-01 6.1541377e-03 5.7804529e-05 6.3258489e-07]]
13df79c482aab58643e681e5578ca7f65d5be4ecdc1b5d341565f53c2e5ddda2 [[0.57817197 0.41226712 0.00615576 0.00340515]]
13df79c482aab58643e681e5578ca7f65d5be4ecdc1b5d341565f53c2e5ddda2 [[7.7938950e-01 2.1970518e-01 7.6265569e-04 1.4258512e-04]]
13df79c482aab58643e681e5578ca7f65d5be4ecdc1b5d341565f53c2e5ddda2 [[0.60001653 0.38954186 0.00647573 0.00396585]]
13df79c482aab58643e681e5578ca7f65d5be4ecdc1b5d341565f53c2e5ddda2 [[7.997400e-01 1.992454e-01 8.775650e-04 1.371370e-04]]
156aaebfd82ee119bf61c2a42685a5ede2bab613bbf1c4ca24e2bceaabe5e2f8 [[0.6045265  0.38727516 0.00560282 0.00259551]]
156aaebfd82ee119bf61c2a42685a5ede2bab613bbf1c4ca24e2bceaabe5e2f8 [[8.5256076e-01 1.4103992e-01 6.1996724e-03 1.9971357e-04]]
156aaebfd82ee119bf61c2a42685a5ede2bab613bbf1c4ca24e2bceaabe5e2f8 [[0.47543234 0.51540923 0.00526748 0.00389089]]
156aaebfd82ee119bf61c2a42685a5ede2bab613bbf1c4ca24e2bceaabe5e2f8 [[0.14986122 0.6632473  0.10215459 0.08473692]]
156aaebfd82ee119bf61c2a42685a5ede2bab613bbf1c4ca24e2bceaabe5e2f8 [[0.5080192  0.4693488  0.02012    0.00251207]]
1dc3f431dafb2c903b38b8ad0c53978d30d0df40492b3eea48ceb66377cf4a22 [[0.8201992  0.16002083 0.01720873 0.00257125]]
1dc3f431dafb2c903b38b8ad0c53978d30d0df40492b3eea48ceb66377cf4a22 [[0.73797953 0.25054282 0.00939746 0.00208022]]
1dc3f431dafb2c903b38b8ad0c53978d30d0df40492b3eea48ceb66377cf4a22 [[0.7628684  0.23194659 0.00394276 0.00124223]]
1dc3f431dafb2c903b38b8ad0c53978d30d0df40492b3eea48ceb66377cf4a22 [[8.3187234e-01 1.6467161e-01 2.8082558e-03 6.4782385e-04]]
2360da52e988c9a2bacec37604f997589a61fa7ae4184d778da4c0685c04129b [[0.4445673  0.54832846 0.00553664 0.00156758]]
2360da52e988c9a2bacec37604f997589a61fa7ae4184d778da4c0685c04129b [[9.0117878e-01 9.5616400e-02 3.1910141e-03 1.3799333e-05]]
2360da52e988c9a2bacec37604f997589a61fa7ae4184d778da4c0685c04129b [[0.44729093 0.5457492  0.00546347 0.00149646]]
25412437f90d9e4a6656005d293dc2b357e9497ef16314e0fb2834205a107f83 [[0.01726483 0.11148273 0.1383842  0.73286825]]
25412437f90d9e4a6656005d293dc2b357e9497ef16314e0fb2834205a107f83 [[0.01446349 0.6135662  0.20140839 0.17056188]]
25412437f90d9e4a6656005d293dc2b357e9497ef16314e0fb2834205a107f83 [[8.2317048e-01 1.6464366e-01 1.2132065e-02 5.3817104e-05]]
25412437f90d9e4a6656005d293dc2b357e9497ef16314e0fb2834205a107f83 [[0.01444072 0.61377144 0.20131168 0.17047618]]
2e9d400ee8450c30d19c43a20e9da770774d3169da457490fd99d9dfb837419c [[0.46890023 0.49476546 0.02480367 0.01153065]]
2e9d400ee8450c30d19c43a20e9da770774d3169da457490fd99d9dfb837419c [[0.46945336 0.49479115 0.02443659 0.01131881]]
2eaae4e8b29e28877112cfdc0257b93218d97cdbfb6670949f79d2faa92d5e3a [[0.02034789 0.5072406  0.21304502 0.2593665 ]]
2eaae4e8b29e28877112cfdc0257b93218d97cdbfb6670949f79d2faa92d5e3a [[0.22540626 0.6688215  0.0778485  0.02792376]]
31a30cdc010b06c3ec5bbb9371bd7d99519cd2a0669d95ff7f34ef5ddd3a90dc [[2.0943969e-01 7.8795081e-01 2.3151531e-03 2.9433405e-04]]
31a30cdc010b06c3ec5bbb9371bd7d99519cd2a0669d95ff7f34ef5ddd3a90dc [[7.5802338e-01 2.4165578e-01 3.1229065e-04 8.5780803e-06]]
31a30cdc010b06c3ec5bbb9371bd7d99519cd2a0669d95ff7f34ef5ddd3a90dc [[2.5902826e-01 7.3965222e-01 1.2222688e-03 9.7270327e-05]]
31a30cdc010b06c3ec5bbb9371bd7d99519cd2a0669d95ff7f34ef5ddd3a90dc [[6.7842883e-01 3.2094896e-01 5.9509627e-04 2.7161474e-05]]
31a30cdc010b06c3ec5bbb9371bd7d99519cd2a0669d95ff7f34ef5ddd3a90dc [[7.8726190e-01 2.0911653e-01 3.4642974e-03 1.5715945e-04]]
31a30cdc010b06c3ec5bbb9371bd7d99519cd2a0669d95ff7f34ef5ddd3a90dc [[5.2799422e-01 4.7097549e-01 8.8175695e-04 1.4854199e-04]]
31a30cdc010b06c3ec5bbb9371bd7d99519cd2a0669d95ff7f34ef5ddd3a90dc [[5.3577912e-01 4.5630062e-01 7.7890004e-03 1.3126983e-04]]
31a30cdc010b06c3ec5bbb9371bd7d99519cd2a0669d95ff7f34ef5ddd3a90dc [[5.4268503e-01 4.5481032e-01 2.3525066e-03 1.5207818e-04]]
31a30cdc010b06c3ec5bbb9371bd7d99519cd2a0669d95ff7f34ef5ddd3a90dc [[0.0902895  0.09239613 0.68942034 0.12789404]]
3268d3493a1677aa0287034566dabc1c3a1525eb90bbf2b360929bf8c1ef19a2 [[9.2537004e-01 7.1247891e-02 3.3241105e-03 5.7914189e-05]]
3268d3493a1677aa0287034566dabc1c3a1525eb90bbf2b360929bf8c1ef19a2 [[9.0353626e-01 8.3743162e-02 1.1952053e-02 7.6854130e-04]]
3268d3493a1677aa0287034566dabc1c3a1525eb90bbf2b360929bf8c1ef19a2 [[9.15458679e-01 7.99973980e-02 4.43868665e-03 1.05216604e-04]]
3268d3493a1677aa0287034566dabc1c3a1525eb90bbf2b360929bf8c1ef19a2 [[9.4583023e-01 4.9714644e-02 4.1777417e-03 2.7742126e-04]]
35d16375ca9dcc4cc43561b43862cb3b47c8adf3a3224d9fdf251a8d18417f43 [[0.04831616 0.57863045 0.23856828 0.13448513]]
35d16375ca9dcc4cc43561b43862cb3b47c8adf3a3224d9fdf251a8d18417f43 [[0.1728149  0.78581226 0.0308193  0.01055352]]
35d16375ca9dcc4cc43561b43862cb3b47c8adf3a3224d9fdf251a8d18417f43 [[0.0015046  0.1178138  0.11097348 0.7697081 ]]
390f2b7ec462a09742f5813e57f2ca8ecab3e2a8a6d5f4b23e002fcb9f573913 [[8.8816947e-01 1.1063298e-01 1.1974403e-03 1.4385132e-07]]
390f2b7ec462a09742f5813e57f2ca8ecab3e2a8a6d5f4b23e002fcb9f573913 [[9.4087636e-01 5.8654696e-02 4.6896664e-04 7.6654665e-09]]
390f2b7ec462a09742f5813e57f2ca8ecab3e2a8a6d5f4b23e002fcb9f573913 [[9.2700088e-01 7.2400883e-02 5.9825333e-04 1.8682048e-08]]
390f2b7ec462a09742f5813e57f2ca8ecab3e2a8a6d5f4b23e002fcb9f573913 [[9.0172267e-01 9.7198196e-02 1.0790662e-03 8.6694357e-08]]
3ab7e3bdc1f48e624cbd77c1096a5cac00222ac83fca69f3f444c5f5194b2fb7 [[0.19816856 0.7447974  0.03223078 0.0248033 ]]
3ab7e3bdc1f48e624cbd77c1096a5cac00222ac83fca69f3f444c5f5194b2fb7 [[0.13002287 0.7360125  0.05463105 0.07933353]]
3ab7e3bdc1f48e624cbd77c1096a5cac00222ac83fca69f3f444c5f5194b2fb7 [[0.20190679 0.75112826 0.04289212 0.0040728 ]]
3ab7e3bdc1f48e624cbd77c1096a5cac00222ac83fca69f3f444c5f5194b2fb7 [[0.20190679 0.75112826 0.04289212 0.0040728 ]]
44550e7d985133cd7c429030d1c626dfce75c99e3158cc39fd8e2d994e2087c4 [[0.46293175 0.4956256  0.03164767 0.00979488]]
44550e7d985133cd7c429030d1c626dfce75c99e3158cc39fd8e2d994e2087c4 [[5.9821951e-01 3.9456639e-01 6.8813316e-03 3.3280737e-04]]
44550e7d985133cd7c429030d1c626dfce75c99e3158cc39fd8e2d994e2087c4 [[0.598716   0.39131767 0.0091499  0.00081641]]
44550e7d985133cd7c429030d1c626dfce75c99e3158cc39fd8e2d994e2087c4 [[0.07325436 0.90036464 0.00798793 0.01839303]]
44550e7d985133cd7c429030d1c626dfce75c99e3158cc39fd8e2d994e2087c4 [[0.00392296 0.8514883  0.03217433 0.11241436]]
44550e7d985133cd7c429030d1c626dfce75c99e3158cc39fd8e2d994e2087c4 [[0.02950799 0.4941678  0.08790086 0.3884233 ]]
44550e7d985133cd7c429030d1c626dfce75c99e3158cc39fd8e2d994e2087c4 [[0.5361184  0.39742732 0.06049577 0.00595854]]
44550e7d985133cd7c429030d1c626dfce75c99e3158cc39fd8e2d994e2087c4 [[0.53134143 0.44424707 0.02113976 0.00327178]]
44550e7d985133cd7c429030d1c626dfce75c99e3158cc39fd8e2d994e2087c4 [[0.28640795 0.6246277  0.04350482 0.04545952]]
44550e7d985133cd7c429030d1c626dfce75c99e3158cc39fd8e2d994e2087c4 [[0.5075783  0.46713105 0.02207102 0.00321964]]
44550e7d985133cd7c429030d1c626dfce75c99e3158cc39fd8e2d994e2087c4 [[0.37341392 0.60477495 0.01401605 0.00779514]]
44550e7d985133cd7c429030d1c626dfce75c99e3158cc39fd8e2d994e2087c4 [[0.08740569 0.65054387 0.11580855 0.14624184]]
44550e7d985133cd7c429030d1c626dfce75c99e3158cc39fd8e2d994e2087c4 [[0.38299185 0.522816   0.0595797  0.03461254]]
44550e7d985133cd7c429030d1c626dfce75c99e3158cc39fd8e2d994e2087c4 [[0.36113524 0.6167186  0.01373034 0.00841587]]
44550e7d985133cd7c429030d1c626dfce75c99e3158cc39fd8e2d994e2087c4 [[0.00190056 0.2286696  0.07825646 0.6911734 ]]
44550e7d985133cd7c429030d1c626dfce75c99e3158cc39fd8e2d994e2087c4 [[0.02239961 0.6187596  0.1312403  0.2276005 ]]
44550e7d985133cd7c429030d1c626dfce75c99e3158cc39fd8e2d994e2087c4 [[0.00171068 0.34556264 0.19605379 0.45667285]]
44865ddd00424fbd4a3636133aa66d9e1d1142d49f69fa5aca472f4d3b7dae3c [[6.1600935e-01 3.8059372e-01 3.1662029e-03 2.3075237e-04]]
44865ddd00424fbd4a3636133aa66d9e1d1142d49f69fa5aca472f4d3b7dae3c [[4.9781415e-01 5.0080645e-01 1.2484933e-03 1.3086056e-04]]
46aaa33f2f3c07741ca4aeea4c9f3e54e23d86ee8e4fd60b9015ab65790332a9 [[2.0319228e-01 7.9532361e-01 1.4457732e-03 3.8359038e-05]]
46aaa33f2f3c07741ca4aeea4c9f3e54e23d86ee8e4fd60b9015ab65790332a9 [[0.34860036 0.61967725 0.03089806 0.00082432]]
46aaa33f2f3c07741ca4aeea4c9f3e54e23d86ee8e4fd60b9015ab65790332a9 [[4.3787897e-01 5.5627608e-01 5.8053643e-03 3.9600905e-05]]
46aaa33f2f3c07741ca4aeea4c9f3e54e23d86ee8e4fd60b9015ab65790332a9 [[3.9477000e-01 5.9991074e-01 5.2778674e-03 4.1342646e-05]]
4cc2a46777137ca2f6019ab5f80c9cdba86a1b9cbe04677536c22c183e7090f3 [[0.22582895 0.71375954 0.04549716 0.01491438]]
4cc2a46777137ca2f6019ab5f80c9cdba86a1b9cbe04677536c22c183e7090f3 [[0.24556969 0.71338713 0.03151606 0.00952712]]
4cc2a46777137ca2f6019ab5f80c9cdba86a1b9cbe04677536c22c183e7090f3 [[0.3121504  0.6054912  0.05558394 0.02677441]]
4cc2a46777137ca2f6019ab5f80c9cdba86a1b9cbe04677536c22c183e7090f3 [[0.31876788 0.6121194  0.04663814 0.02247466]]
4cc2a46777137ca2f6019ab5f80c9cdba86a1b9cbe04677536c22c183e7090f3 [[0.33085734 0.6328224  0.03125951 0.00506074]]
4cc2a46777137ca2f6019ab5f80c9cdba86a1b9cbe04677536c22c183e7090f3 [[0.37090856 0.6238073  0.00452945 0.00075462]]
4cc2a46777137ca2f6019ab5f80c9cdba86a1b9cbe04677536c22c183e7090f3 [[0.5254202  0.46904072 0.00486661 0.00067254]]
50f4ef9df38cd8c7abb2668caf5d21a88f00e6eea78d485539ee92ada6943b47 [[0.44002563 0.55194896 0.00734387 0.00068156]]
50f4ef9df38cd8c7abb2668caf5d21a88f00e6eea78d485539ee92ada6943b47 [[0.38620833 0.6088834  0.00386815 0.00104003]]
50f4ef9df38cd8c7abb2668caf5d21a88f00e6eea78d485539ee92ada6943b47 [[0.35954338 0.63621676 0.00323011 0.0010097 ]]
5189ede4e65f43a5264d334623d96da8df4c02d472ab4f3c56259cd05f6db942 [[0.518603   0.4718871  0.00866407 0.00084577]]
5189ede4e65f43a5264d334623d96da8df4c02d472ab4f3c56259cd05f6db942 [[0.32060817 0.6727029  0.00500401 0.00168489]]
5189ede4e65f43a5264d334623d96da8df4c02d472ab4f3c56259cd05f6db942 [[0.5037986  0.48486966 0.00973916 0.00159256]]
5189ede4e65f43a5264d334623d96da8df4c02d472ab4f3c56259cd05f6db942 [[0.448453   0.5329243  0.01381726 0.00480541]]
5189ede4e65f43a5264d334623d96da8df4c02d472ab4f3c56259cd05f6db942 [[0.41687778 0.55505276 0.01854935 0.00952012]]
5189ede4e65f43a5264d334623d96da8df4c02d472ab4f3c56259cd05f6db942 [[0.48641318 0.50324553 0.00672322 0.00361809]]
539864334693e5ec406f6bb8c48476fe7bc8b37189ac77872772132a0d29c07a [[0.30459148 0.66660345 0.02538326 0.00342177]]
539864334693e5ec406f6bb8c48476fe7bc8b37189ac77872772132a0d29c07a [[0.02294507 0.5073614  0.15695478 0.31273872]]
539864334693e5ec406f6bb8c48476fe7bc8b37189ac77872772132a0d29c07a [[0.39670363 0.49713364 0.0943718  0.01179092]]
539864334693e5ec406f6bb8c48476fe7bc8b37189ac77872772132a0d29c07a [[0.04810933 0.5667586  0.16611177 0.21902037]]
539864334693e5ec406f6bb8c48476fe7bc8b37189ac77872772132a0d29c07a [[0.39686432 0.44010466 0.15473466 0.00829636]]
539864334693e5ec406f6bb8c48476fe7bc8b37189ac77872772132a0d29c07a [[0.08850544 0.87722814 0.02090647 0.01335993]]
539864334693e5ec406f6bb8c48476fe7bc8b37189ac77872772132a0d29c07a [[7.6283133e-01 2.2582310e-01 1.1266617e-02 7.9034806e-05]]
539864334693e5ec406f6bb8c48476fe7bc8b37189ac77872772132a0d29c07a [[0.2430135  0.7530469  0.00280169 0.00113791]]
539864334693e5ec406f6bb8c48476fe7bc8b37189ac77872772132a0d29c07a [[0.40467235 0.48726422 0.10114966 0.00691381]]
55e4cc70f9bdb2bc9f7f981f432d887d99416aa6025a004c4de9c8482c71350e [[0.63009536 0.36166736 0.00757017 0.00066698]]
55e4cc70f9bdb2bc9f7f981f432d887d99416aa6025a004c4de9c8482c71350e [[0.38921458 0.5965854  0.01284274 0.00135731]]
55e4cc70f9bdb2bc9f7f981f432d887d99416aa6025a004c4de9c8482c71350e [[8.8720167e-01 1.1219612e-01 6.0024334e-04 1.9647923e-06]]
57cf51aafb46a253aa0171ab1fdc437df8386d51b7437de2c0a3d3d55dd5518d [[0.11008327 0.5058911  0.21738353 0.1666421 ]]
57cf51aafb46a253aa0171ab1fdc437df8386d51b7437de2c0a3d3d55dd5518d [[0.19689012 0.5473011  0.1619168  0.09389208]]
57cf51aafb46a253aa0171ab1fdc437df8386d51b7437de2c0a3d3d55dd5518d [[0.13856336 0.5019582  0.20076308 0.15871532]]
57cf51aafb46a253aa0171ab1fdc437df8386d51b7437de2c0a3d3d55dd5518d [[0.29064655 0.3703602  0.2954099  0.0435834 ]]
57cf51aafb46a253aa0171ab1fdc437df8386d51b7437de2c0a3d3d55dd5518d [[0.33220503 0.3175059  0.32082522 0.0294639 ]]
589d1fa900dfc803639b727cad750ded69c809fc42dce0461728b3b3cf5ff933 [[0.18318209 0.7866392  0.02161503 0.00856356]]
589d1fa900dfc803639b727cad750ded69c809fc42dce0461728b3b3cf5ff933 [[0.1395656  0.8345752  0.01775555 0.00810368]]
589d1fa900dfc803639b727cad750ded69c809fc42dce0461728b3b3cf5ff933 [[0.52979416 0.43704155 0.02444518 0.00871904]]
589d1fa900dfc803639b727cad750ded69c809fc42dce0461728b3b3cf5ff933 [[0.3894638  0.5623403  0.03612289 0.0120731 ]]
589d1fa900dfc803639b727cad750ded69c809fc42dce0461728b3b3cf5ff933 [[0.36731517 0.55753726 0.0654963  0.00965123]]
589d1fa900dfc803639b727cad750ded69c809fc42dce0461728b3b3cf5ff933 [[0.3353712  0.5325402  0.09236353 0.03972506]]
589d1fa900dfc803639b727cad750ded69c809fc42dce0461728b3b3cf5ff933 [[0.19183277 0.7425234  0.04721083 0.01843307]]
589d1fa900dfc803639b727cad750ded69c809fc42dce0461728b3b3cf5ff933 [[0.4922156  0.48326746 0.01923385 0.00528315]]
5f824186bbdc5ab2a2432817e5dc1dec80325c0457242d1125aa035ecb073f09 [[0.48274833 0.4991968  0.01740462 0.00065026]]
5f824186bbdc5ab2a2432817e5dc1dec80325c0457242d1125aa035ecb073f09 [[8.2061690e-01 1.5499365e-01 2.4290619e-02 9.8795907e-05]]
5f824186bbdc5ab2a2432817e5dc1dec80325c0457242d1125aa035ecb073f09 [[8.2086337e-01 1.5368597e-01 2.5347721e-02 1.0299095e-04]]
5f824186bbdc5ab2a2432817e5dc1dec80325c0457242d1125aa035ecb073f09 [[5.9182441e-01 3.9055392e-01 1.7290844e-02 3.3078672e-04]]
60751cbbb78d2547d7f24939827528aad0c1997d92b3cbeb5cf4b3549dd9120f [[7.5976926e-01 2.3925298e-01 9.4244210e-04 3.5347712e-05]]
60751cbbb78d2547d7f24939827528aad0c1997d92b3cbeb5cf4b3549dd9120f [[9.1506475e-01 8.4668115e-02 2.6718286e-04 3.4474681e-08]]
63b4d1ae2ed7e44b6384ed057751f6eeb5262cec2009acaf13397ca56cfdd85e [[4.69163835e-01 5.23612261e-01 7.11990334e-03 1.03996856e-04]]
63b4d1ae2ed7e44b6384ed057751f6eeb5262cec2009acaf13397ca56cfdd85e [[0.4504647  0.5144857  0.03350897 0.00154058]]
63b4d1ae2ed7e44b6384ed057751f6eeb5262cec2009acaf13397ca56cfdd85e [[5.8334774e-01 4.0585065e-01 1.0268976e-02 5.3260569e-04]]
63b4d1ae2ed7e44b6384ed057751f6eeb5262cec2009acaf13397ca56cfdd85e [[0.46461627 0.49826074 0.03423392 0.00288909]]
63f7deeb2499ed0a07533727b8c3e91a28b6e40aa95082414adf82814ccb6f2e [[9.8951155e-01 1.0452570e-02 3.4270612e-05 1.4945066e-06]]
63f7deeb2499ed0a07533727b8c3e91a28b6e40aa95082414adf82814ccb6f2e [[8.9224887e-01 1.0773132e-01 1.9556432e-05 2.5522891e-07]]
63f7deeb2499ed0a07533727b8c3e91a28b6e40aa95082414adf82814ccb6f2e [[9.8574269e-01 1.4213055e-02 4.2507148e-05 1.8049203e-06]]
63f7deeb2499ed0a07533727b8c3e91a28b6e40aa95082414adf82814ccb6f2e [[8.2907802e-01 1.7026126e-01 5.4786843e-04 1.1285270e-04]]
64a8075f460312772914195f15f05287e50151d4b70fe47ff111fe12aa05d924 [[9.2760825e-01 7.1861014e-02 5.3061673e-04 8.0458705e-08]]
64a8075f460312772914195f15f05287e50151d4b70fe47ff111fe12aa05d924 [[9.5208460e-01 4.6547111e-02 1.3676534e-03 7.3184469e-07]]
66bc7785c85d27d3c32b370af2b2ec6d1199379676acbff6ae52e929fa313210 [[2.4736771e-01 7.3718894e-01 1.4758964e-02 6.8441982e-04]]
66bc7785c85d27d3c32b370af2b2ec6d1199379676acbff6ae52e929fa313210 [[0.22120376 0.7702847  0.00480306 0.00370844]]
66bc7785c85d27d3c32b370af2b2ec6d1199379676acbff6ae52e929fa313210 [[0.23266035 0.75868905 0.00492072 0.00372984]]
6f9b6bf27c7327b6b80390bc84b66c8777793baa18c1f4a482cb9ea01dc98c47 [[0.13543636 0.82442844 0.0168995  0.02323575]]
6f9b6bf27c7327b6b80390bc84b66c8777793baa18c1f4a482cb9ea01dc98c47 [[0.13680165 0.8260091  0.01641937 0.02076998]]
6f9b6bf27c7327b6b80390bc84b66c8777793baa18c1f4a482cb9ea01dc98c47 [[0.13543636 0.82442844 0.0168995  0.02323575]]
706e383bf3a0c9bf764d57247e12c222d8613c743c44ba9ab0615ebebd657a0c [[0.24119876 0.59787697 0.10732664 0.05359758]]
706e383bf3a0c9bf764d57247e12c222d8613c743c44ba9ab0615ebebd657a0c [[0.2189862  0.70591176 0.05662016 0.01848188]]
706e383bf3a0c9bf764d57247e12c222d8613c743c44ba9ab0615ebebd657a0c [[0.2340981  0.6669127  0.09376568 0.0052235 ]]
706e383bf3a0c9bf764d57247e12c222d8613c743c44ba9ab0615ebebd657a0c [[0.5631548  0.36662057 0.06256786 0.00765676]]
706e383bf3a0c9bf764d57247e12c222d8613c743c44ba9ab0615ebebd657a0c [[0.25889573 0.6222573  0.08949038 0.02935658]]
706e383bf3a0c9bf764d57247e12c222d8613c743c44ba9ab0615ebebd657a0c [[0.25271666 0.5659371  0.15630333 0.02504302]]
706e383bf3a0c9bf764d57247e12c222d8613c743c44ba9ab0615ebebd657a0c [[0.08322493 0.3284774  0.57279396 0.01550375]]
706e383bf3a0c9bf764d57247e12c222d8613c743c44ba9ab0615ebebd657a0c [[0.12898543 0.7566531  0.07318467 0.0411768 ]]
7072c65fa3d249174122eb1ee12a85665c0a3f7c159fcfa7d589fd5b3719d9a5 [[0.5760237  0.4146473  0.00847822 0.00085083]]
7072c65fa3d249174122eb1ee12a85665c0a3f7c159fcfa7d589fd5b3719d9a5 [[5.8251852e-01 4.1603991e-01 1.2688203e-03 1.7276019e-04]]
7072c65fa3d249174122eb1ee12a85665c0a3f7c159fcfa7d589fd5b3719d9a5 [[5.4850167e-01 4.5012447e-01 1.1672407e-03 2.0659882e-04]]
7072c65fa3d249174122eb1ee12a85665c0a3f7c159fcfa7d589fd5b3719d9a5 [[6.0453099e-01 3.9166099e-01 3.6792459e-03 1.2880421e-04]]
72334c06cf8aaf1aded3ec0a8e47d9c5e73de26550ba58ef2b57087c39585ed4 [[6.2073153e-01 3.7356746e-01 5.6017721e-03 9.9220139e-05]]
72334c06cf8aaf1aded3ec0a8e47d9c5e73de26550ba58ef2b57087c39585ed4 [[9.5646137e-01 4.3092221e-02 4.4625593e-04 7.5816338e-08]]
72f92da6ca6d521221baee367b5c76fcbfe61edc00c0bcce72fae35dadcd6185 [[9.1661996e-01 7.5124308e-02 8.2461024e-03 9.6159783e-06]]
72f92da6ca6d521221baee367b5c76fcbfe61edc00c0bcce72fae35dadcd6185 [[0.20296927 0.43074957 0.25963402 0.10664721]]
72f92da6ca6d521221baee367b5c76fcbfe61edc00c0bcce72fae35dadcd6185 [[0.16753799 0.4620652  0.26968282 0.10071404]]
72f92da6ca6d521221baee367b5c76fcbfe61edc00c0bcce72fae35dadcd6185 [[9.2082822e-01 7.1306489e-02 7.8569045e-03 8.3543164e-06]]
744dc994e8f8c1013f9fc9056567f0e63bc96860274c109aecb3d0b73bca2a60 [[0.330492   0.5896688  0.06407738 0.01576171]]
744dc994e8f8c1013f9fc9056567f0e63bc96860274c109aecb3d0b73bca2a60 [[0.5292196  0.44256157 0.02546297 0.00275582]]
744dc994e8f8c1013f9fc9056567f0e63bc96860274c109aecb3d0b73bca2a60 [[0.5115527  0.4522722  0.03358265 0.00259246]]
744dc994e8f8c1013f9fc9056567f0e63bc96860274c109aecb3d0b73bca2a60 [[0.35866392 0.57916564 0.05254392 0.00962647]]
744dc994e8f8c1013f9fc9056567f0e63bc96860274c109aecb3d0b73bca2a60 [[0.35629898 0.5710204  0.0571943  0.01548634]]
744dc994e8f8c1013f9fc9056567f0e63bc96860274c109aecb3d0b73bca2a60 [[0.5316982  0.4537794  0.01328114 0.00124116]]
744dc994e8f8c1013f9fc9056567f0e63bc96860274c109aecb3d0b73bca2a60 [[0.62921965 0.303114   0.06325521 0.0044111 ]]
744dc994e8f8c1013f9fc9056567f0e63bc96860274c109aecb3d0b73bca2a60 [[0.50610465 0.47287074 0.0193219  0.00170268]]
744dc994e8f8c1013f9fc9056567f0e63bc96860274c109aecb3d0b73bca2a60 [[5.796159e-01 4.179354e-01 2.012014e-03 4.367595e-04]]
744dc994e8f8c1013f9fc9056567f0e63bc96860274c109aecb3d0b73bca2a60 [[0.63182896 0.3114605  0.05377577 0.00293473]]
744dc994e8f8c1013f9fc9056567f0e63bc96860274c109aecb3d0b73bca2a60 [[0.46967444 0.52701443 0.00272656 0.00058464]]
744dc994e8f8c1013f9fc9056567f0e63bc96860274c109aecb3d0b73bca2a60 [[0.4815052  0.51479    0.00310212 0.00060264]]
7a1725339e56e7a9cff48bb5af4ea84f731996a88a44229d8ab69b204ea9318e [[0.1950679  0.27132618 0.27333817 0.2602678 ]]
7a1725339e56e7a9cff48bb5af4ea84f731996a88a44229d8ab69b204ea9318e [[0.32964277 0.391108   0.1396757  0.13957357]]
7a1725339e56e7a9cff48bb5af4ea84f731996a88a44229d8ab69b204ea9318e [[0.18501511 0.259427   0.27569094 0.2798669 ]]
7a1725339e56e7a9cff48bb5af4ea84f731996a88a44229d8ab69b204ea9318e [[0.50217205 0.47838065 0.01677826 0.00266909]]
7a1725339e56e7a9cff48bb5af4ea84f731996a88a44229d8ab69b204ea9318e [[4.9128559e-01 4.9782321e-01 1.0470690e-02 4.2036793e-04]]
7a1725339e56e7a9cff48bb5af4ea84f731996a88a44229d8ab69b204ea9318e [[5.1644731e-01 4.7112557e-01 1.1929695e-02 4.9742352e-04]]
7a1725339e56e7a9cff48bb5af4ea84f731996a88a44229d8ab69b204ea9318e [[0.6916462  0.27242455 0.02463329 0.01129597]]
7a1725339e56e7a9cff48bb5af4ea84f731996a88a44229d8ab69b204ea9318e [[0.9017045  0.07071307 0.01944892 0.0081336 ]]
7a1725339e56e7a9cff48bb5af4ea84f731996a88a44229d8ab69b204ea9318e [[0.6271842  0.1731274  0.17182715 0.02786123]]
7a1725339e56e7a9cff48bb5af4ea84f731996a88a44229d8ab69b204ea9318e [[0.9017476  0.07065602 0.01944909 0.0081473 ]]
7a1725339e56e7a9cff48bb5af4ea84f731996a88a44229d8ab69b204ea9318e [[0.5237404  0.4677033  0.00727454 0.00128173]]
7b8c45923a2f650ecc60175b6560a3bfeed8f8ea0a8834b0ff1ebc1b3da36e04 [[0.20243728 0.56109804 0.17521796 0.06124671]]
7b8c45923a2f650ecc60175b6560a3bfeed8f8ea0a8834b0ff1ebc1b3da36e04 [[0.39062083 0.58903766 0.01945051 0.00089099]]
7b8c45923a2f650ecc60175b6560a3bfeed8f8ea0a8834b0ff1ebc1b3da36e04 [[0.20813034 0.63062793 0.11504927 0.04619246]]
7b8c45923a2f650ecc60175b6560a3bfeed8f8ea0a8834b0ff1ebc1b3da36e04 [[7.8777277e-01 2.0306118e-01 8.9634527e-03 2.0256823e-04]]
7feb234bad7765052cfa7f5e38d6416690c653111ad2c6b970152c638943e62c [[0.08532186 0.84499216 0.01869787 0.05098808]]
7feb234bad7765052cfa7f5e38d6416690c653111ad2c6b970152c638943e62c [[0.0554827  0.9130586  0.01449251 0.01696623]]
7feb234bad7765052cfa7f5e38d6416690c653111ad2c6b970152c638943e62c [[0.05172697 0.91629547 0.01572731 0.01625028]]
83f55bdc4082e003c23c393eb2795cdeeedb5c2bcb33ca3320c87f323b8eae25 [[0.52277017 0.2954286  0.1278091  0.05399213]]
83f55bdc4082e003c23c393eb2795cdeeedb5c2bcb33ca3320c87f323b8eae25 [[0.0662815  0.909482   0.00653519 0.01770139]]
83f55bdc4082e003c23c393eb2795cdeeedb5c2bcb33ca3320c87f323b8eae25 [[0.24238478 0.70914096 0.02292889 0.0255453 ]]
83f55bdc4082e003c23c393eb2795cdeeedb5c2bcb33ca3320c87f323b8eae25 [[0.03014437 0.91890615 0.00792596 0.04302352]]
83f55bdc4082e003c23c393eb2795cdeeedb5c2bcb33ca3320c87f323b8eae25 [[0.02328023 0.5779273  0.06976146 0.32903102]]
83f55bdc4082e003c23c393eb2795cdeeedb5c2bcb33ca3320c87f323b8eae25 [[0.03058409 0.7157082  0.09765428 0.15605348]]
83f55bdc4082e003c23c393eb2795cdeeedb5c2bcb33ca3320c87f323b8eae25 [[0.38076693 0.43321988 0.08509368 0.10091955]]
83f55bdc4082e003c23c393eb2795cdeeedb5c2bcb33ca3320c87f323b8eae25 [[0.15373169 0.51349455 0.08655169 0.2462221 ]]
83f55bdc4082e003c23c393eb2795cdeeedb5c2bcb33ca3320c87f323b8eae25 [[0.02052844 0.910452   0.00762431 0.0613953 ]]
83f55bdc4082e003c23c393eb2795cdeeedb5c2bcb33ca3320c87f323b8eae25 [[0.01765753 0.68857235 0.07083944 0.22293064]]
83f55bdc4082e003c23c393eb2795cdeeedb5c2bcb33ca3320c87f323b8eae25 [[0.4574407  0.32972097 0.13781051 0.07502785]]
863c3a2e7785cb0413915438b16182020ee520fa7df1bee70dfbb8d11a22cf3a [[9.8593789e-01 1.4033852e-02 2.8164310e-05 3.3633910e-08]]
863c3a2e7785cb0413915438b16182020ee520fa7df1bee70dfbb8d11a22cf3a [[8.4204328e-01 1.5357235e-01 4.0015839e-03 3.8272826e-04]]
863c3a2e7785cb0413915438b16182020ee520fa7df1bee70dfbb8d11a22cf3a [[7.6458192e-01 2.3509054e-01 3.2539520e-04 2.2215900e-06]]
863c3a2e7785cb0413915438b16182020ee520fa7df1bee70dfbb8d11a22cf3a [[8.3762479e-01 1.6162077e-01 6.2705437e-04 1.2732556e-04]]
863c3a2e7785cb0413915438b16182020ee520fa7df1bee70dfbb8d11a22cf3a [[6.6952091e-01 3.2963067e-01 8.1747334e-04 3.0967676e-05]]
8db19b29fca27da868ac29b7c20f773d1daafff2f5cebbb507179a002b22d180 [[0.07593757 0.7156905  0.07308947 0.13528252]]
8db19b29fca27da868ac29b7c20f773d1daafff2f5cebbb507179a002b22d180 [[0.10693377 0.7996255  0.05348407 0.03995666]]
8db19b29fca27da868ac29b7c20f773d1daafff2f5cebbb507179a002b22d180 [[0.10249624 0.7525363  0.08033268 0.06463473]]
923b7b22f52a524559471c65a1698ea9986209728eff98e07da60203923203c8 [[5.8050138e-01 4.1552490e-01 3.9341515e-03 3.9671708e-05]]
923b7b22f52a524559471c65a1698ea9986209728eff98e07da60203923203c8 [[6.4944059e-01 3.4685421e-01 3.6780876e-03 2.7102364e-05]]
923b7b22f52a524559471c65a1698ea9986209728eff98e07da60203923203c8 [[0.21360943 0.581327   0.17444602 0.03061754]]
923b7b22f52a524559471c65a1698ea9986209728eff98e07da60203923203c8 [[0.18514948 0.6172254  0.1623016  0.03532348]]
925c5f29ac659ce008483ac17cffa8993b880b62b5000e5efeec5ff95d72ebe8 [[5.8665997e-01 4.1281942e-01 5.1615684e-04 4.5619345e-06]]
925c5f29ac659ce008483ac17cffa8993b880b62b5000e5efeec5ff95d72ebe8 [[5.8997566e-01 4.0816039e-01 1.8447080e-03 1.9215910e-05]]
925c5f29ac659ce008483ac17cffa8993b880b62b5000e5efeec5ff95d72ebe8 [[5.763926e-01 4.194169e-01 4.130338e-03 6.021584e-05]]
930a064ca0747a2d1b9b72b6e9125d9b8ab4b6c519ebcb964d041c68a001dc12 [[0.1967913  0.7926881  0.00861608 0.00190452]]
930a064ca0747a2d1b9b72b6e9125d9b8ab4b6c519ebcb964d041c68a001dc12 [[0.20046118 0.58292645 0.1771413  0.03947115]]
930a064ca0747a2d1b9b72b6e9125d9b8ab4b6c519ebcb964d041c68a001dc12 [[0.2023887  0.38290644 0.33682713 0.07787762]]
930a064ca0747a2d1b9b72b6e9125d9b8ab4b6c519ebcb964d041c68a001dc12 [[0.69193006 0.1671466  0.13767591 0.00324741]]
930a064ca0747a2d1b9b72b6e9125d9b8ab4b6c519ebcb964d041c68a001dc12 [[0.21551917 0.5943818  0.17446323 0.01563578]]
930a064ca0747a2d1b9b72b6e9125d9b8ab4b6c519ebcb964d041c68a001dc12 [[0.1388581  0.81505764 0.03461536 0.01146893]]
930a064ca0747a2d1b9b72b6e9125d9b8ab4b6c519ebcb964d041c68a001dc12 [[0.09391072 0.7786957  0.05709979 0.07029383]]
930a064ca0747a2d1b9b72b6e9125d9b8ab4b6c519ebcb964d041c68a001dc12 [[0.1763681  0.4484733  0.2984838  0.07667484]]
930a064ca0747a2d1b9b72b6e9125d9b8ab4b6c519ebcb964d041c68a001dc12 [[0.17589861 0.44330546 0.30299538 0.07780062]]
96b0706267d7c43206176bc143ffc19ce74fd0eeae109e1667f90398a62eb50a [[0.59211373 0.27407    0.13006026 0.00375597]]
96b0706267d7c43206176bc143ffc19ce74fd0eeae109e1667f90398a62eb50a [[0.11803015 0.31498796 0.41980916 0.14717284]]
96b0706267d7c43206176bc143ffc19ce74fd0eeae109e1667f90398a62eb50a [[0.08202844 0.48294634 0.1276416  0.30738357]]
96b0706267d7c43206176bc143ffc19ce74fd0eeae109e1667f90398a62eb50a [[0.13647059 0.45852283 0.14574176 0.2592648 ]]
96b0706267d7c43206176bc143ffc19ce74fd0eeae109e1667f90398a62eb50a [[0.6660662  0.19674568 0.13554181 0.0016463 ]]
96b0706267d7c43206176bc143ffc19ce74fd0eeae109e1667f90398a62eb50a [[0.00509318 0.4616395  0.08047969 0.45278764]]
a1867ecb5d59c5fd038d28511356df1811f07106568ec312c8b8f4ace4892dfb [[6.6355902e-01 3.3373496e-01 2.2283373e-03 4.7781484e-04]]
a1867ecb5d59c5fd038d28511356df1811f07106568ec312c8b8f4ace4892dfb [[0.4154357  0.5696381  0.00899502 0.00593122]]
a1867ecb5d59c5fd038d28511356df1811f07106568ec312c8b8f4ace4892dfb [[0.12997478 0.85993886 0.0055555  0.00453085]]
a1867ecb5d59c5fd038d28511356df1811f07106568ec312c8b8f4ace4892dfb [[0.49395603 0.501812   0.00321819 0.0010138 ]]
a24266c75e07c4f6237949005c90ff1e5268dcaca6e971f1a28df99e7f49d6d8 [[6.8612826e-01 3.1052935e-01 3.0558808e-03 2.8651123e-04]]
a24266c75e07c4f6237949005c90ff1e5268dcaca6e971f1a28df99e7f49d6d8 [[0.71729904 0.26791105 0.0127305  0.00205935]]
a24266c75e07c4f6237949005c90ff1e5268dcaca6e971f1a28df99e7f49d6d8 [[2.6104674e-01 7.3728722e-01 1.4495805e-03 2.1643678e-04]]
a24266c75e07c4f6237949005c90ff1e5268dcaca6e971f1a28df99e7f49d6d8 [[8.0854499e-01 1.9019146e-01 1.2082688e-03 5.5233020e-05]]
a2cea4f07b39d3148f00ff9f29067b5949891cacee05d1412b9f99b64377c75f [[0.10539148 0.38169473 0.48246375 0.03045   ]]
a2cea4f07b39d3148f00ff9f29067b5949891cacee05d1412b9f99b64377c75f [[0.1060838  0.38238484 0.48154572 0.02998565]]
a2cea4f07b39d3148f00ff9f29067b5949891cacee05d1412b9f99b64377c75f [[0.6721007  0.21216863 0.09965181 0.01607886]]
a2cea4f07b39d3148f00ff9f29067b5949891cacee05d1412b9f99b64377c75f [[0.673714   0.21047454 0.09956146 0.01624998]]
a34348ec5753aff281a01bf8ea14c4be6e35abf07e8e59d5211876207dbba820 [[0.3058102  0.6393281  0.04274437 0.01211724]]
a34348ec5753aff281a01bf8ea14c4be6e35abf07e8e59d5211876207dbba820 [[0.53000224 0.36270094 0.08154035 0.02575639]]
a34348ec5753aff281a01bf8ea14c4be6e35abf07e8e59d5211876207dbba820 [[0.47456637 0.4429001  0.06436619 0.01816729]]
a34348ec5753aff281a01bf8ea14c4be6e35abf07e8e59d5211876207dbba820 [[0.51676995 0.4405412  0.03287547 0.00981344]]
a34348ec5753aff281a01bf8ea14c4be6e35abf07e8e59d5211876207dbba820 [[8.7083012e-01 1.2853156e-01 5.9469102e-04 4.3630349e-05]]
a34348ec5753aff281a01bf8ea14c4be6e35abf07e8e59d5211876207dbba820 [[0.30253154 0.64153224 0.04336961 0.01256673]]
a34348ec5753aff281a01bf8ea14c4be6e35abf07e8e59d5211876207dbba820 [[0.5056538  0.4498132  0.03393448 0.0105986 ]]
a34348ec5753aff281a01bf8ea14c4be6e35abf07e8e59d5211876207dbba820 [[8.7083012e-01 1.2853156e-01 5.9469102e-04 4.3630349e-05]]
a35c9007a85a9ecee3793f6b786c7fd6a269aeb215404c6660621b52a6210a3f [[0.34711334 0.63169396 0.01686217 0.00433052]]
a35c9007a85a9ecee3793f6b786c7fd6a269aeb215404c6660621b52a6210a3f [[5.7997391e-02 9.2605150e-01 1.5805636e-02 1.4539436e-04]]
a35c9007a85a9ecee3793f6b786c7fd6a269aeb215404c6660621b52a6210a3f [[7.6712057e-02 8.9585960e-01 2.7092725e-02 3.3557988e-04]]
a35c9007a85a9ecee3793f6b786c7fd6a269aeb215404c6660621b52a6210a3f [[5.7983302e-02 9.2606664e-01 1.5804749e-02 1.4544000e-04]]
a6830db0c8d3848ab655640218c0ff65cd2978337f71f599319ead10aa5f8bee [[7.7609253e-01 2.2308713e-01 8.1365753e-04 6.6410589e-06]]
a6830db0c8d3848ab655640218c0ff65cd2978337f71f599319ead10aa5f8bee [[0.5357236  0.43320593 0.02128229 0.00978817]]
a6830db0c8d3848ab655640218c0ff65cd2978337f71f599319ead10aa5f8bee [[5.8372784e-01 4.0931368e-01 6.5171574e-03 4.4128887e-04]]
a6830db0c8d3848ab655640218c0ff65cd2978337f71f599319ead10aa5f8bee [[0.19225089 0.7955986  0.00688472 0.00526577]]
a98c994291bcbfea216a6d962eefffe50fb04540b73b63ee2c0a3b2561f10cb9 [[0.00364792 0.74099785 0.16740061 0.08795353]]
a98c994291bcbfea216a6d962eefffe50fb04540b73b63ee2c0a3b2561f10cb9 [[0.0083117  0.30642825 0.09754119 0.5877189 ]]
a98c994291bcbfea216a6d962eefffe50fb04540b73b63ee2c0a3b2561f10cb9 [[0.00398213 0.7458578  0.17014575 0.08001432]]
a98c994291bcbfea216a6d962eefffe50fb04540b73b63ee2c0a3b2561f10cb9 [[0.12373921 0.5094227  0.22293207 0.14390603]]
ae8a4dbc4a3ef2bbf125c020c5bc53ab9b28283e34ea522a9f4c83ff3bde74a8 [[0.23831418 0.70884866 0.03918081 0.01365632]]
ae8a4dbc4a3ef2bbf125c020c5bc53ab9b28283e34ea522a9f4c83ff3bde74a8 [[0.15420023 0.6082964  0.12254908 0.11495433]]
ae8a4dbc4a3ef2bbf125c020c5bc53ab9b28283e34ea522a9f4c83ff3bde74a8 [[0.10072002 0.5250813  0.13352798 0.2406707 ]]
ae8a4dbc4a3ef2bbf125c020c5bc53ab9b28283e34ea522a9f4c83ff3bde74a8 [[0.17868848 0.65618944 0.11021432 0.0549078 ]]
ae8a4dbc4a3ef2bbf125c020c5bc53ab9b28283e34ea522a9f4c83ff3bde74a8 [[0.27585167 0.698922   0.00941371 0.0158126 ]]
b2758972022cb933bc7a88f34ccd1d43dcd3a1d917521c599bdb9b29ac877c7c [[6.0070246e-01 3.9274633e-01 6.2825233e-03 2.6872850e-04]]
b2758972022cb933bc7a88f34ccd1d43dcd3a1d917521c599bdb9b29ac877c7c [[7.4901861e-01 2.5021455e-01 7.5629941e-04 1.0502970e-05]]
b2758972022cb933bc7a88f34ccd1d43dcd3a1d917521c599bdb9b29ac877c7c [[9.7298414e-01 2.6754512e-02 2.6028545e-04 1.0067278e-06]]
b2758972022cb933bc7a88f34ccd1d43dcd3a1d917521c599bdb9b29ac877c7c [[9.7256112e-01 2.7350802e-02 8.8004614e-05 9.7723422e-08]]
b64ce2f7e046e893bfa4ca8ce5c84e71a549fb88cf6c1401e54dfd3aeaa3540e [[0.5162905  0.45982832 0.02103799 0.00284323]]
b64ce2f7e046e893bfa4ca8ce5c84e71a549fb88cf6c1401e54dfd3aeaa3540e [[6.961713e-01 2.980855e-01 5.673951e-03 6.917820e-05]]
b64ce2f7e046e893bfa4ca8ce5c84e71a549fb88cf6c1401e54dfd3aeaa3540e [[7.1707284e-01 2.7514529e-01 7.3787272e-03 4.0315252e-04]]
b64ce2f7e046e893bfa4ca8ce5c84e71a549fb88cf6c1401e54dfd3aeaa3540e [[6.961713e-01 2.980855e-01 5.673951e-03 6.917820e-05]]
b736724e1ab7fac001dcf810347d5104c4fa0fa91da64b275776ec952e9d4672 [[4.4947916e-01 5.4815584e-01 2.1903045e-03 1.7470632e-04]]
b736724e1ab7fac001dcf810347d5104c4fa0fa91da64b275776ec952e9d4672 [[0.20884447 0.71027195 0.03702372 0.04385981]]
b772193347473958b24b39bb287ec40283444f1570f6ff243af90d596414569f [[0.12589774 0.8022812  0.06378431 0.00803674]]
b772193347473958b24b39bb287ec40283444f1570f6ff243af90d596414569f [[2.0670091e-01 7.8913224e-01 3.8075387e-03 3.5938740e-04]]
b772193347473958b24b39bb287ec40283444f1570f6ff243af90d596414569f [[4.4345421e-01 5.5401307e-01 2.2970526e-03 2.3565197e-04]]
b8d0271dea20451250fd3df00e11efbadda9c00ecc7ef76903798da47798deee [[0.11303743 0.37310973 0.4915134  0.02233944]]
b8d0271dea20451250fd3df00e11efbadda9c00ecc7ef76903798da47798deee [[0.1772463  0.7622713  0.0587702  0.00171214]]
b8d0271dea20451250fd3df00e11efbadda9c00ecc7ef76903798da47798deee [[0.00082859 0.28620008 0.22495927 0.48801205]]
b8d0271dea20451250fd3df00e11efbadda9c00ecc7ef76903798da47798deee [[0.00950752 0.3149382  0.11338647 0.5621679 ]]
b8d0271dea20451250fd3df00e11efbadda9c00ecc7ef76903798da47798deee [[0.00157878 0.2920837  0.2313142  0.47502327]]
b8d0271dea20451250fd3df00e11efbadda9c00ecc7ef76903798da47798deee [[0.27767488 0.543274   0.15679784 0.02225327]]
b8d0271dea20451250fd3df00e11efbadda9c00ecc7ef76903798da47798deee [[3.2627356e-04 2.5137094e-01 2.1684082e-01 5.3146201e-01]]
b8d0271dea20451250fd3df00e11efbadda9c00ecc7ef76903798da47798deee [[0.00074962 0.28234246 0.22408211 0.49282575]]
b8d0271dea20451250fd3df00e11efbadda9c00ecc7ef76903798da47798deee [[0.00644907 0.3938431  0.26560363 0.3341042 ]]
b8d0271dea20451250fd3df00e11efbadda9c00ecc7ef76903798da47798deee [[0.02056686 0.51107377 0.30052894 0.16783041]]
b8d0271dea20451250fd3df00e11efbadda9c00ecc7ef76903798da47798deee [[0.00075967 0.2828528  0.22419928 0.49218822]]
ba87bfe8535854a9c210c87f79a465ba87354bc973e848d4ded8452c52b77679 [[9.1521990e-01 8.2741596e-02 1.5149956e-03 5.2352529e-04]]
ba87bfe8535854a9c210c87f79a465ba87354bc973e848d4ded8452c52b77679 [[8.6255729e-01 1.3436659e-01 2.2926889e-03 7.8344217e-04]]
ba87bfe8535854a9c210c87f79a465ba87354bc973e848d4ded8452c52b77679 [[9.3032104e-01 6.7043409e-02 2.5629003e-03 7.2793460e-05]]
ba87bfe8535854a9c210c87f79a465ba87354bc973e848d4ded8452c52b77679 [[9.1156912e-01 8.4892236e-02 3.3994971e-03 1.3920848e-04]]
bf2e0cc01973544fe6b8e9b773572849ef301cd68fb10eb7eacc04e466ab5874 [[8.1209433e-01 1.8493821e-01 2.5371921e-03 4.3028485e-04]]
bf2e0cc01973544fe6b8e9b773572849ef301cd68fb10eb7eacc04e466ab5874 [[8.2414347e-01 1.7069241e-01 5.0229705e-03 1.4107856e-04]]
bf9d7e60a060b4d86c8f08716b8865fd5bf706161d6ac4103a5d53dc7fcfcd0f [[0.31741548 0.60838866 0.04233896 0.03185688]]
bf9d7e60a060b4d86c8f08716b8865fd5bf706161d6ac4103a5d53dc7fcfcd0f [[0.56418586 0.34153825 0.08609048 0.00818533]]
bf9d7e60a060b4d86c8f08716b8865fd5bf706161d6ac4103a5d53dc7fcfcd0f [[6.8068993e-01 3.0778202e-01 1.1489859e-02 3.8229588e-05]]
c19b11d3f638b135ef45dac5ae2ebfa84301ff28624594b8d0f2020b86452c46 [[6.0405338e-01 3.9346990e-01 2.4623184e-03 1.4375299e-05]]
c19b11d3f638b135ef45dac5ae2ebfa84301ff28624594b8d0f2020b86452c46 [[6.8318993e-01 3.1452250e-01 2.2777752e-03 9.8110759e-06]]
c7079e0db9a5b7256cf09ebb5f02299de504f9ab048c82ac52251a7facc19532 [[0.3735137  0.6004821  0.02027334 0.00573079]]
c7079e0db9a5b7256cf09ebb5f02299de504f9ab048c82ac52251a7facc19532 [[0.05406534 0.8847659  0.01384182 0.04732701]]
c7079e0db9a5b7256cf09ebb5f02299de504f9ab048c82ac52251a7facc19532 [[0.06166255 0.88080454 0.01295054 0.04458242]]
c7079e0db9a5b7256cf09ebb5f02299de504f9ab048c82ac52251a7facc19532 [[0.4670101  0.5250434  0.00658157 0.00136489]]
ca7e160144dd6f459e2b18c48a33d4a53d09de5d7c2557e3849326d234b7b319 [[6.6519815e-01 3.2549468e-01 9.2534609e-03 5.3700111e-05]]
ca7e160144dd6f459e2b18c48a33d4a53d09de5d7c2557e3849326d234b7b319 [[0.4421175  0.51088786 0.04607103 0.00092356]]
ca7e160144dd6f459e2b18c48a33d4a53d09de5d7c2557e3849326d234b7b319 [[0.44176123 0.5114222  0.04590472 0.00091179]]
ca7e160144dd6f459e2b18c48a33d4a53d09de5d7c2557e3849326d234b7b319 [[9.7714019e-01 2.2620205e-02 2.3925610e-04 3.6687823e-07]]
cd85dd99a3fa15df04dc47efcc7c91b59271f98f1756bc5ddc232acb883c431b [[0.03627731 0.9124757  0.02955874 0.02168825]]
cd85dd99a3fa15df04dc47efcc7c91b59271f98f1756bc5ddc232acb883c431b [[5.551029e-01 4.363500e-01 8.472756e-03 7.432178e-05]]
cd85dd99a3fa15df04dc47efcc7c91b59271f98f1756bc5ddc232acb883c431b [[0.25944406 0.7197475  0.01959433 0.00121407]]
cd85dd99a3fa15df04dc47efcc7c91b59271f98f1756bc5ddc232acb883c431b [[0.34193158 0.62413996 0.03244835 0.00148021]]
cd85dd99a3fa15df04dc47efcc7c91b59271f98f1756bc5ddc232acb883c431b [[0.10491555 0.6928143  0.17057006 0.03170015]]
d35ac9496de77a46c2cb0100373ea83c70e2e7ce846d9ec7d6a5c4bc0cb6116e [[0.55348974 0.43840557 0.00667607 0.00142863]]
d35ac9496de77a46c2cb0100373ea83c70e2e7ce846d9ec7d6a5c4bc0cb6116e [[0.30611822 0.6883891  0.00422145 0.00127113]]
d59d78555b3a4f3175c5f2183ffc214eb06a4573289cb241a96c5f79328046b8 [[5.2732843e-01 4.5255348e-01 1.9734319e-02 3.8376122e-04]]
d59d78555b3a4f3175c5f2183ffc214eb06a4573289cb241a96c5f79328046b8 [[3.7592858e-01 6.1706430e-01 6.8268045e-03 1.8031325e-04]]
d59d78555b3a4f3175c5f2183ffc214eb06a4573289cb241a96c5f79328046b8 [[2.8646055e-01 7.0688111e-01 6.4618103e-03 1.9651788e-04]]
d65889918d2b9073e7601c2ba67c3a9d26f60612f14e93bd511ef198e195d347 [[7.0377111e-01 2.9179668e-01 4.3510655e-03 8.1105194e-05]]
d65889918d2b9073e7601c2ba67c3a9d26f60612f14e93bd511ef198e195d347 [[7.0377111e-01 2.9179668e-01 4.3510655e-03 8.1105194e-05]]
d65889918d2b9073e7601c2ba67c3a9d26f60612f14e93bd511ef198e195d347 [[0.15763323 0.8370459  0.00381497 0.00150596]]
d6b47f0c2ccbbd7923e37dc434ab25445df6bc060d53388d0e16237b669d19d2 [[0.69080424 0.29616752 0.01213386 0.00089429]]
d6b47f0c2ccbbd7923e37dc434ab25445df6bc060d53388d0e16237b669d19d2 [[0.538285   0.43732902 0.01654107 0.007845  ]]
d6b47f0c2ccbbd7923e37dc434ab25445df6bc060d53388d0e16237b669d19d2 [[0.5366463  0.45744982 0.00484279 0.00106109]]
d6b47f0c2ccbbd7923e37dc434ab25445df6bc060d53388d0e16237b669d19d2 [[0.4903869  0.50071615 0.00817625 0.00072067]]
d6b47f0c2ccbbd7923e37dc434ab25445df6bc060d53388d0e16237b669d19d2 [[0.52920705 0.4124048  0.02479204 0.03359601]]
d6b47f0c2ccbbd7923e37dc434ab25445df6bc060d53388d0e16237b669d19d2 [[0.6905479  0.29636124 0.01219583 0.00089508]]
dd725ddbf73cd1075b48fd6ea0255f99e2a077e7b6e996dd1f435195da228346 [[0.582367   0.3674853  0.04500011 0.00514759]]
dd725ddbf73cd1075b48fd6ea0255f99e2a077e7b6e996dd1f435195da228346 [[0.5764181  0.3803731  0.04145102 0.00175784]]
dd725ddbf73cd1075b48fd6ea0255f99e2a077e7b6e996dd1f435195da228346 [[0.3781029  0.536418   0.06857069 0.01690834]]
dd725ddbf73cd1075b48fd6ea0255f99e2a077e7b6e996dd1f435195da228346 [[6.6541541e-01 3.0909997e-01 2.5016386e-02 4.6815453e-04]]
df06f46c241c10911d164b9e8815f5f11b25c7db52282f19d23505ad49a8f4a3 [[0.05581115 0.65829295 0.11574325 0.17015262]]
df06f46c241c10911d164b9e8815f5f11b25c7db52282f19d23505ad49a8f4a3 [[0.16797027 0.5920341  0.09944973 0.14054596]]
df06f46c241c10911d164b9e8815f5f11b25c7db52282f19d23505ad49a8f4a3 [[0.11164063 0.61057156 0.1226976  0.15509024]]
df06f46c241c10911d164b9e8815f5f11b25c7db52282f19d23505ad49a8f4a3 [[0.16438994 0.5251955  0.12722862 0.18318604]]
df06f46c241c10911d164b9e8815f5f11b25c7db52282f19d23505ad49a8f4a3 [[0.13240914 0.51138604 0.15249655 0.20370832]]
e06b5600956a7090f7156d95aca796e55078b6626e674fb8a0659d71c0820949 [[0.05064145 0.94428813 0.00305983 0.00201052]]
e06b5600956a7090f7156d95aca796e55078b6626e674fb8a0659d71c0820949 [[0.20817553 0.75993824 0.01635037 0.01553581]]
e06b5600956a7090f7156d95aca796e55078b6626e674fb8a0659d71c0820949 [[0.10589187 0.6180751  0.08092127 0.19511183]]
e06b5600956a7090f7156d95aca796e55078b6626e674fb8a0659d71c0820949 [[0.10772147 0.73846745 0.03646481 0.11734623]]
e06b5600956a7090f7156d95aca796e55078b6626e674fb8a0659d71c0820949 [[0.0662147  0.8910602  0.01687706 0.02584797]]
e06b5600956a7090f7156d95aca796e55078b6626e674fb8a0659d71c0820949 [[0.17021976 0.8060403  0.01152486 0.0122151 ]]
e06b5600956a7090f7156d95aca796e55078b6626e674fb8a0659d71c0820949 [[0.3164042  0.65509224 0.011881   0.01662262]]
e543ede2f328a7a858279ba631762de0296c9edbacf2abaadcffeecef64e3bca [[0.32665074 0.1928005  0.00489613 0.47565264]]
e543ede2f328a7a858279ba631762de0296c9edbacf2abaadcffeecef64e3bca [[0.9506591  0.01694861 0.00400342 0.02838897]]
e543ede2f328a7a858279ba631762de0296c9edbacf2abaadcffeecef64e3bca [[0.93793494 0.02110286 0.00439517 0.03656695]]
ee25187acb7ec2bcfad22061723cc33ebdc31f02b661b25717a9ccf97dfa098b [[0.5883796  0.3848462  0.02534174 0.0014324 ]]
ee25187acb7ec2bcfad22061723cc33ebdc31f02b661b25717a9ccf97dfa098b [[0.3127438  0.6176926  0.05229486 0.0172688 ]]
ee25187acb7ec2bcfad22061723cc33ebdc31f02b661b25717a9ccf97dfa098b [[0.10463896 0.6123218  0.13823408 0.14480513]]
ee25187acb7ec2bcfad22061723cc33ebdc31f02b661b25717a9ccf97dfa098b [[6.8528467e-01 3.0039170e-01 1.3652630e-02 6.7097566e-04]]
f1647c503cd04bc6c0c57ffdb3d3d229d837bc3e6b5e01fb6fdaf5637e6dc5df [[0.15294033 0.75654894 0.04706318 0.04344753]]
f1647c503cd04bc6c0c57ffdb3d3d229d837bc3e6b5e01fb6fdaf5637e6dc5df [[0.07878974 0.86581564 0.03843686 0.0169578 ]]
f1647c503cd04bc6c0c57ffdb3d3d229d837bc3e6b5e01fb6fdaf5637e6dc5df [[0.13517047 0.7597816  0.06722278 0.03782516]]
f4f576fa01a47782f0748a8a1db5ffba1e695fc635818e46cff61fde12dc9dea [[0.42095765 0.55747926 0.01291278 0.00865031]]
f4f576fa01a47782f0748a8a1db5ffba1e695fc635818e46cff61fde12dc9dea [[5.8477247e-01 4.1039154e-01 4.7805677e-03 5.5352575e-05]]
f4f576fa01a47782f0748a8a1db5ffba1e695fc635818e46cff61fde12dc9dea [[6.2965101e-01 3.6899194e-01 1.3531491e-03 3.8459721e-06]]
f4f576fa01a47782f0748a8a1db5ffba1e695fc635818e46cff61fde12dc9dea [[0.4723638  0.5102648  0.00931987 0.00805148]]
f8febf5faf6cb0a40123c3718ed4e749022330192ddf5f33694d9a7f7dc69e76 [[0.61702365 0.37221426 0.00900735 0.00175479]]
f8febf5faf6cb0a40123c3718ed4e749022330192ddf5f33694d9a7f7dc69e76 [[0.81070864 0.07205509 0.03101392 0.08622242]]
f8febf5faf6cb0a40123c3718ed4e749022330192ddf5f33694d9a7f7dc69e76 [[0.87702525 0.0737899  0.01176643 0.0374184 ]]
fb44d233d8e76fca02ec4c44c18d62db7035f7a4bc86fc51086b78a7bf5fcb3e [[6.4397788e-01 3.4982982e-01 5.8924775e-03 2.9978569e-04]]
fb44d233d8e76fca02ec4c44c18d62db7035f7a4bc86fc51086b78a7bf5fcb3e [[3.5527492e-01 6.4301646e-01 1.3833792e-03 3.2531447e-04]]
fd816493699cccf5e2049eee419eb75d8d00c089c85000dfc11da97da5ada1e5 [[0.1619063  0.5285334  0.20336333 0.10619698]]
fd816493699cccf5e2049eee419eb75d8d00c089c85000dfc11da97da5ada1e5 [[0.03808777 0.62759715 0.1530053  0.18130973]]
fd816493699cccf5e2049eee419eb75d8d00c089c85000dfc11da97da5ada1e5 [[0.05484966 0.53176266 0.21574149 0.19764622]]
fd816493699cccf5e2049eee419eb75d8d00c089c85000dfc11da97da5ada1e5 [[0.12509081 0.62708735 0.16177209 0.08604965]]
